   1.9350000e+03   8.5275181e-02   5.1330119e-02   6.4561437e-02
   1.9360000e+03   7.3537953e-02   4.6327754e-02   6.3647720e-02
   1.9370000e+03   7.5288507e-02   4.8708285e-02   6.4035421e-02
   1.9380000e+03   7.4808043e-02   4.7292538e-02   6.0826583e-02
   1.9390000e+03   7.6713058e-02   5.3319667e-02   6.0257437e-02
   1.9400000e+03   7.4653327e-02   5.9486836e-02   6.1120391e-02
   1.9410000e+03   6.9523597e-02   4.8109903e-02   6.5930202e-02
   1.9420000e+03   7.8948643e-02   5.9734356e-02   6.4270406e-02
   1.9430000e+03   7.8312691e-02   4.8180841e-02   6.7991129e-02
   1.9440000e+03   7.7418998e-02   4.2501783e-02   6.7079752e-02
   1.9450000e+03   7.9724205e-02   5.0030226e-02   6.6667482e-02
   1.9460000e+03   8.0348280e-02   5.5288772e-02   6.7358968e-02
   1.9470000e+03   8.8184811e-02   4.5648970e-02   6.6851350e-02
   1.9480000e+03   7.4533758e-02   4.5252570e-02   6.6609324e-02
   1.9490000e+03   8.5744156e-02   4.6731344e-02   6.5730131e-02
   1.9500000e+03   9.0886378e-02   4.7068092e-02   6.6839517e-02
   1.9510000e+03   1.0151700e-01   6.2723308e-02   7.6777875e-02
   1.9520000e+03   1.1662037e-01   7.6766367e-02   8.4104109e-02
   1.9530000e+03   1.1062797e-01   5.8974528e-02   8.4978834e-02
   1.9540000e+03   1.1784605e-01   5.8748708e-02   8.5507660e-02
   1.9550000e+03   1.1430500e-01   5.7764696e-02   8.7400925e-02
   1.9560000e+03   1.3024794e-01   6.0152933e-02   9.1106312e-02
   1.9570000e+03   1.2223301e-01   6.1415311e-02   9.2360126e-02
   1.9580000e+03   1.2508428e-01   5.5192546e-02   8.9814994e-02
   1.9590000e+03   1.2312342e-01   5.8704864e-02   9.0222058e-02
   1.9600000e+03   1.2512761e-01   7.0709939e-02   9.3712860e-02
   1.9610000e+03   1.5288743e-01   7.1108653e-02   1.0956998e-01
   1.9620000e+03   1.6161980e-01   7.1300710e-02   1.1474944e-01
   1.9630000e+03   1.7194391e-01   8.0859230e-02   1.1588228e-01
   1.9640000e+03   1.7285855e-01   8.1638825e-02   1.2130857e-01
   1.9650000e+03   1.7562994e-01   7.9036452e-02   1.2238498e-01
   1.9660000e+03   1.8044987e-01   9.7025720e-02   1.3352281e-01
   1.9670000e+03   2.0501295e-01   9.9895918e-02   1.4376397e-01
   1.9680000e+03   2.0637637e-01   1.0253666e-01   1.4915439e-01
   1.9690000e+03   2.1379878e-01   1.0043027e-01   1.5153262e-01
   1.9700000e+03   2.2240381e-01   1.1025081e-01   1.5755163e-01
   1.9710000e+03   2.3729626e-01   1.2154697e-01   1.8311415e-01
   1.9720000e+03   2.6548345e-01   1.4412855e-01   1.9388209e-01
